"testat":[{
      "y":-2088.8256835938,
      "z":13.546875,
      "x":2096.6586914063
    },{
      "y":-2105.236328125,
      "z":14.321934700012,
      "x":2095.7924804688
    },{
      "y":-2109.5,
      "z":13.348255157471,
      "x":2087.3010253906
    }],